4141 4141 4141 4141 4141 4141 4141 4141
4141 4141 4141 4141 4141 4141 4141 4141
4141 4141 4141 4141 4141 442f 7a6a 332f
2f38 3439 2f2f 2f4f 5066 2f2f 7a6a 332f
2f38 3439 2f2f 2f4f 5066 2f2f 7a6a 332f
2f38 3439 2f2f 2f4f 5066 2f2f 7a6a 332f
2f38 3439 2f2f 2f4f 5066 2f2f 7a6a 332f
2f38 3439 2f2f 2f4f 5066 2f2f 7a6a 332f
4141 4141 4141 4141 4141 4141 4141 4141
4141 4141 4141 4141 4141 4141 4141 4141
4141 4141 4141 4141 4141 4141 4141 4141
4141 4141 4141 4141 4141 4141 4141 4141
4141 4141 4141 4141 4141 4141 4141 4141
4141 4141 4141 4141 4141 4141 4141 4141
4141 4141 4141 4141 4141 4141 4141 4141
4141 4141 4141 4141 4141 4141 4141 4141
4141 4141 4141 4141 4141 4141 4141 4141
4141 4141 4141 4141 4141 4141 4141 4141
4141 4141 4141 4141 4141 4141 4141 4141
4141 4141 4141 4141 4141 4141 4141 4141
4141 4141 4141 4141 4141 4141 4141 4141
4141 4141 4141 4141 4141 4141 4141 4141
4141 4141 4141 4141 4141 4141 4141 4141
4141 4141 4141 4141 4141 4141 4141 4141
2f38 3439 2f2f 2f4f 5066 2f2f 7a6a 332f
2f38 3439 2f2f 2f4f 5066 2f2f 7a6a 332f
2f38 3439 2f2f 2f4f 5066 2f2f 7a6a 332f
2f38 3439 2f2f 2f4f 5066 2f2f 7a6a 332f
2f38 3439 2f2f 2f4f 5066 2f2f 7a6a 332f
2f38 3439 2f77 4141 4141 4141 4141 4141
4141 4141 4141 4141 4141 4141 4141 4141
4141 4141 4141 4141 4141 4141 4141 4141
4141 4141 4141 4141 4141 4141 4141 4141
4141 4141 4141 4141 4141 4141 4141 4141
4141 4141 4141 4141 4141 4141 4141 4141
4141 4141 4141 4141 4141 4141 4141 4141
4141 4141 4141 4141 4141 4141 4141 4141
4141 4141 4141 4141 4141 4141 4141 4141
4141 4141 4141 4141 4141 4141 4141 4141
4141 4141 4141 4141 4141 4141 4141 4141
4141 4141 4141 4141 4141 4141 4141 4141
4141 4141 4141 4141 4141 4141 4141 4141
4141 4141 4141 4141 4141 4141 4141 4141
4141 4141 4141 4141 4141 4141 4141 4141
4141 4141 4141 4141 4141 4141 4141 4141
4141 4141 4150 2f4f 5066 2f2f 7a6a 332f
2f38 3439 2f2f 2f4f 5066 2f2f 7a6a 332f
2f38 3439 2f2f 2f4f 5066 2f2f 7a6a 332f
2f38 3439 2f2f 2f4f 5066 2f2f 7a6a 332f
2f38 3439 2f2f 2f4f 5066 2f2f 7a6a 332f
2f38 3439 2f2f 2f4f 5066 3841 4141 4141
4141 4141 4141 4141 4141 4141 4141 4141
4141 4141 4141 4141 4141 4141 4141 4141
4141 4141 4141 4141 4141 4141 4141 4141
4141 4141 4141 4141 4141 4141 4141 4141
4141 4141 4141 4141 4141 4141 4141 4141
4141 4141 4141 4141 4141 4141 4141 4141
4141 4141 4141 4141 4141 4141 4141 4141
4141 4141 4141 4141 4141 4141 4141 4141
4141 4141 4141 4141 4141 4141 4141 4141
4141 4141 4141 4141 4141 4141 4141 4141
4141 4141 4141 4141 4141 4141 4141 4141
4141 4141 4141 4141 4141 4141 4141 4141
4141 4141 4141 4141 4141 4141 4141 4141
4141 4141 4141 4141 4141 4141 4141 4141
4141 4141 4141 4141 4141 4141 4141 4141
4141 4141 4141 4141 4141 442f 7a6a 332f
2f38 3439 2f2f 2f4f 5066 2f2f 7a6a 332f
2f38 3439 2f2f 2f4f 5066 2f2f 7a6a 332f
2f38 3439 2f2f 2f4f 5066 2f2f 7a6a 332f
2f38 3439 2f2f 2f4f 5066 2f2f 7a6a 332f
2f38 3439 2f2f 2f4f 5066 2f2f 7a6a 332f
4141 4141 4141 4141 4141 4141 4141 4141
4141 4141 4141 4141 4141 4141 4141 4141
4141 4141 4141 4141 4141 4141 4141 4141
4141 4141 4141 4141 4141 4141 4141 4141
4141 4141 4141 4141 4141 4141 4141 4141
4141 4141 4141 4141 4141 4141 4141 4141
4141 4141 4141 4141 4141 4141 4141 4141
4141 4141 4141 4141 4141 4141 4141 4141
4141 4141 4141 4141 4141 4141 4141 4141
4141 4141 4141 4141 4141 4141 4141 4141
4141 4141 4141 4141 4141 4141 4141 4141
4141 4141 4141 4141 4141 4141 4141 4141
4141 4141 4141 4141 4141 4141 4141 4141
4141 4141 4141 4141 4141 4141 4141 4141
4141 4141 4141 4141 4141 4141 4141 4141
4141 4141 4141 4141 4141 4141 4141 4141
2f38 3439 2f2f 2f4f 5066 2f2f 7a6a 332f
2f38 3439 2f2f 2f4f 5066 2f2f 7a6a 332f
2f38 3439 2f2f 2f4f 5066 2f2f 7a6a 332f
2f38 3439 2f2f 2f4f 5066 2f2f 7a6a 332f
2f38 3439 2f2f 2f4f 5066 2f2f 7a6a 332f
2f38 3439 2f77 4141 4141 4141 4141 4141
4141 4141 4141 4141 4141 4141 4141 4141
4141 4141 4141 4141 4141 4141 4141 4141
4141 4141 4141 4141 4141 4141 4141 4141
4141 4141 4141 4141 4141 4141 4141 4141
4141 4141 4141 4141 4141 4141 4141 4141
4141 4141 4141 4141 4141 4141 4141 4141
4141 4141 4141 4141 4141 4141 4141 4141
4141 4141 4141 4141 4141 4141 4141 4141
4141 4141 4141 4141 4141 4141 4141 4141
4141 4141 4141 4141 4141 4141 4141 4141
4141 4141 4141 4141 4141 4141 4141 4141
4141 4141 4141 4141 4141 4141 4141 4141
4141 4141 4141 4141 4141 4141 4141 4141
4141 4141 4141 4141 4141 4141 4141 4141
4141 4141 4141 4141 4141 4141 4141 4141
4141 4141 4150 2f4f 5066 2f2f 7a6a 332f
2f38 3439 2f2f 2f4f 5066 2f2f 7a6a 332f
2f38 3439 2f2f 2f4f 5066 2f2f 7a6a 332f
2f38 3439 2f2f 2f4f 5066 2f2f 7a6a 332f
2f38 3439 2f2f 2f4f 5066 2f2f 7a6a 332f
2f38 3439 2f2f 2f4f 5066 3841 4141 4141
4141 4141 4141 4141 4141 4141 4141 4141
4141 4141 4141 4141 4141 4141 4141 4141
4141 4141 4141 4141 4141 4141 4141 4141
4141 4141 4141 4141 4141 4141 4141 4141
4141 4141 4141 4141 4141 4141 4141 4141
4141 4141 4141 4141 4141 4141 4141 4141
4141 4141 4141 4141 4141 4141 4141 4141
4141 4141 4141 4141 4141 4141 4141 4141
4141 4141 4141 4141 4141 4141 4141 4141
4141 4141 4141 4141 4141 4141 4141 4141
4141 4141 4141 4141 4141 4141 4141 4141
4141 4141 4141 4141 4141 4141 4141 4141
4141 4141 4141 4141 4141 4141 4141 4141
4141 4141 4141 4141 4141 4141 4141 4141
4141 4141 4141 4141 4141 4141 4141 4141
4141 4141 4141 4141 4141 442f 7a6a 332f
2f38 3439 2f2f 2f4f 5066 2f2f 7a6a 332f
2f38 3439 2f2f 2f4f 5066 2f2f 7a6a 332f
2f38 3439 2f2f 2f4f 5066 2f2f 7a6a 332f
2f38 3439 2f2f 2f4f 5066 2f2f 7a6a 332f
2f38 3439 2f2f 2f4f 5066 2f2f 7a6a 332f
4141 4141 4141 4141 4141 4141 4141 4141
4141 4141 4141 4141 4141 4141 4141 4141
4141 4141 4141 4141 4141 4141 4141 4141
4141 4141 4141 4141 4141 4141 4141 4141
4141 4141 4141 4141 4141 4141 4141 4141
4141 4141 4141 4141 4141 4141 4141 4141
4141 4141 4141 4141 4141 4141 4141 4141
4141 4141 4141 4141 4141 4141 4141 4141
4141 4141 4141 4141 4141 4141 4141 4141
4141 4141 4141 4141 4141 4141 4141 4141
4141 4141 4141 4141 4141 4141 4141 4141
4141 4141 4141 4141 4141 4141 4141 4141
4141 4141 4141 4141 4141 4141 4141 4141
4141 4141 4141 4141 4141 4141 4141 4141
4141 4141 4141 4141 4141 4141 4141 4141
4141 4141 4141 4141 4141 4141 4141 4141
2f38 3439 2f2f 2f4f 5066 2f2f 7a6a 332f
2f38 3439 2f2f 2f4f 5066 2f2f 7a6a 332f
2f38 3439 2f2f 2f4f 5066 2f2f 7a6a 332f
2f38 3439 2f2f 2f4f 5066 2f2f 7a6a 332f
2f38 3439 2f2f 2f4f 5066 2f2f 7a6a 332f
2f38 3439 2f77 4141 4141 4141 4141 4141
4141 4141 4141 4141 4141 4141 4141 4141
4141 4141 4141 4141 4141 4141 4141 4141
4141 4141 4141 4141 4141 4141 4141 4141
4141 4141 4141 4141 4141 4141 4141 4141
4141 4141 4141 4141 4141 4141 4141 4141
4141 4141 4141 4141 4141 4141 4141 4141
4141 4141 4141 4141 4141 4141 4141 4141
4141 4141 4141 4141 4141 4141 4141 4141
4141 4141 4141 4141 4141 4141 4141 4141
4141 4141 4141 4141 4141 4141 4141 4141
4141 4141 4141 4141 4141 4141 4141 4141
4141 4141 4141 4141 4141 4141 4141 4141
4141 4141 4141 4141 4141 442f 7a6a 332f
2f38 3439 2f2f 2f4f 5066 2f2f 7a6a 332f
2f38 3439 2f2f 2f4f 5066 2f2f 7a6a 332f
2f38 3439 2f2f 2f4f 5066 2f2f 7a6a 332f
2f38 3439 2f2f 2f4f 5066 2f2f 7a6a 332f
2f38 3439 2f2f 2f4f 5066 2f2f 7a6a 332f
2f38 3439 2f2f 2f4f 5066 2f2f 7a6a 332f
2f38 3439 2f2f 2f4f 5066 2f2f 7a6a 332f
2f38 3439 2f2f 2f4f 5066 2f2f 7a6a 332f
2f38 3439 2f2f 2f4f 5066 2f2f 7a6a 332f
2f38 3439 2f2f 2f4f 5066 2f2f 7a6a 332f
2f38 3439 2f77 4141 4141 4141 4141 4141
4141 4141 4141 4141 4141 4141 4141 4141
4141 4141 4141 4141 4141 4141 4141 4141
5a6b 5541 2f32 5a46 4150 396d 5251 442f
4141 4141 4141 4141 4141 4141 4141 4141
4141 4141 4141 4141 4141 4141 4141 4141
4141 4141 4141 4141 4141 4141 4141 4141
4141 4141 4141 4141 4141 4141 4141 4141
4141 4141 4141 4141 4141 4141 4141 4141
4141 4141 4141 4141 4141 4141 4141 4141
4141 4141 4141 4141 4141 4141 4141 4141
2f38 3439 2f2f 2f4f 5066 2f2f 7a6a 332f
2f38 3439 2f2f 2f4f 5066 2f2f 7a6a 332f
2f38 3439 2f2f 2f4f 5066 2f2f 7a6a 332f
5a6b 5541 2f2f 2f4f 5066 2f2f 7a6a 332f
2f38 3439 2f2f 2f4f 5066 2f2f 7a6a 332f
2f38 3439 2f2f 2f4f 5066 2f2f 7a6a 332f
2f38 3439 2f2f 2f4f 5066 2f2f 7a6a 332f
2f38 3439 2f2f 2f4f 5066 2f2f 7a6a 332f
2f38 3439 2f2f 2f4f 5066 2f2f 7a6a 332f
2f38 3439 2f2f 2f4f 5066 2f2f 7a6a 332f
2f38 3439 2f2f 2f4f 5066 3841 4141 4141
4141 4141 4141 4141 4141 4141 4141 4141
4141 4141 4141 4141 4141 4141 4141 4141
4141 4141 4141 4141 4141 4141 4141 4141
4141 4141 4141 4141 4141 426d 5251 442f
5a6b 5541 2f32 5a46 4150 3841 4141 4141
4141 4141 4141 4141 4141 4141 4141 4141
4141 4141 4141 4141 4141 4141 4141 4141
4141 4141 4141 4141 4141 4141 4141 4141
4141 4141 4141 4141 4141 4141 4141 4141
4141 4141 4141 4141 4141 4141 4141 4141
4141 4141 4150 2f4f 5066 2f2f 7a6a 332f
2f38 3439 2f2f 2f4f 5066 2f2f 7a6a 332f
2f38 3439 2f2f 2f4f 5066 2f2f 7a6a 332f
2f38 3439 2f2f 2f4f 5066 2f2f 7a6a 332f
2f38 3439 2f2f 2f4f 5066 396d 5251 442f
2f38 3439 2f2f 2f4f 5066 2f2f 7a6a 332f
2f38 3439 2f2f 2f4f 5066 2f2f 7a6a 332f
2f38 3439 2f2f 2f4f 5066 2f2f 7a6a 332f
2f38 3439 2f2f 2f4f 5066 2f2f 7a6a 332f
2f38 3439 2f2f 2f4f 5066 2f2f 7a6a 332f
2f38 3439 2f2f 2f4f 5066 2f2f 7a6a 332f
4141 4141 4141 4141 4141 4141 4141 4141
4141 4141 4141 4141 4141 4141 4141 4141
4141 4141 4150 2f2f 2f77 4141 4141 4141
4141 4141 4141 4141 4141 4141 4141 4141
4141 4141 4141 4141 4141 4141 4141 4141
4141 4141 4141 4141 4141 4141 4141 4141
4141 4141 4141 4141 4141 4141 4141 4141
4141 4141 4141 4141 4141 4141 4141 4141
4141 4141 4141 4141 4141 4141 4141 4141
4141 4141 4141 4141 4141 4141 4141 4141
4141 4141 4141 4141 4141 442f 7a6a 332f
2f38 3439 2f2f 2f4f 5066 2f2f 7a6a 332f
2f38 3439 2f2f 2f4f 5066 2f2f 7a6a 332f
2f38 3439 2f2f 2f4f 5066 2f2f 7a6a 332f
2f38 3439 2f2f 2f4f 5066 2f2f 7a6a 332f
2f38 3439 2f2f 2f4f 5066 2f2f 7a6a 332f
2f38 3439 2f2f 2f4f 5066 2f2f 7a6a 332f
2f38 3439 2f2f 2f4f 5066 2f2f 7a6a 332f
2f38 3439 2f2f 2f4f 5066 2f2f 7a6a 332f
2f38 3439 2f2f 2f4f 5066 2f2f 7a6a 332f
2f38 3439 2f2f 2f4f 5066 2f2f 7a6a 332f
2f38 3439 2f77 4141 4141 4141 4141 4141
4141 4141 4141 4141 4141 4141 4141 4141
4141 4141 4141 4141 4141 442f 2f2f 3841
4141 4141 4141 4141 4141 4141 4141 4141
4141 4141 4141 4141 4141 4141 4141 4141
4141 4141 4141 4141 4141 4141 4141 4141
4141 4141 4141 4141 4141 4141 4141 4141
4141 4141 4141 4141 4141 4141 4141 4141
4141 4141 4141 4141 4141 4141 4141 4141
4141 4141 4141 4141 4141 4141 4141 4141
4141 4141 4141 4141 4141 4141 4141 4141
2f38 3439 2f2f 2f4f 5066 2f2f 7a6a 332f
2f38 3439 2f2f 2f4f 5066 2f2f 7a6a 332f
2f38 3439 2f2f 2f4f 5066 2f2f 7a6a 332f
2f38 3439 2f32 5a46 4150 396d 5251 442f
5a6b 5541 2f2f 2f4f 5066 2f2f 7a6a 332f
2f38 3439 2f2f 2f4f 5066 2f2f 7a6a 332f
2f38 3439 2f2f 2f4f 5066 2f2f 7a6a 332f
2f38 3439 2f2f 2f4f 5066 2f2f 7a6a 332f
2f38 3439 2f2f 2f4f 5066 2f2f 7a6a 332f
2f38 3439 2f2f 2f4f 5066 2f2f 7a6a 332f
2f38 3439 2f2f 2f4f 5066 3841 4141 4141
4141 4141 4141 4141 4141 4141 4141 4141
4141 4141 4141 4141 4141 4141 4141 4141
2f2f 2f2f 4150 5752 4450 3841 4141 4141
4141 4141 4141 4141 4141 4141 4141 4141
4141 4141 4141 4141 4141 4141 4141 4141
4141 4141 4141 4141 4141 4141 4141 4141
4141 4141 4141 4141 4141 4141 4141 4141
4141 4141 4141 4141 4141 4141 4141 4141
4141 4141 4141 4141 4141 4141 4141 4141
4141 4141 4141 4141 4141 4141 4141 4141
4141 4141 4150 2f4f 5066 2f2f 7a6a 332f
2f38 3439 2f2f 2f4f 5066 2f2f 7a6a 332f
2f38 3439 2f2f 2f4f 5066 2f2f 7a6a 332f
2f38 3439 2f2f 2f4f 5066 2f2f 7a6a 332f
2f38 3439 2f2f 2f4f 5066 2f2f 7a6a 332f
2f38 3439 2f2f 2f4f 5066 2f2f 7a6a 332f
2f38 3439 2f2f 2f4f 5066 2f2f 7a6a 332f
2f38 3439 2f2f 2f4f 5066 2f2f 7a6a 332f
2f38 3439 2f2f 2f4f 5066 2f2f 7a6a 332f
2f38 3439 2f2f 2f4f 5066 2f2f 7a6a 332f
2f38 3439 2f2f 2f4f 5066 2f2f 7a6a 332f
4141 4141 4141 4141 4141 4141 4141 4141
4141 4141 4141 4141 4141 4141 4141 4141
4141 4141 4150 2f2f 2f77 4431 6b51 7a2f
395a 454d 2f2f 5752 4450 2f31 6b51 7a2f
395a 454d 2f77 4141 4141 4141 4141 4141
4141 4141 4141 4141 4141 4141 4141 4141
4141 4141 4141 4141 4141 4141 4141 4141
4141 4141 4141 4141 4141 4141 4141 4141
4141 4141 4141 4141 4141 4141 4141 4141
4141 4141 4141 4141 4141 4141 4141 4141
4141 4141 4141 4141 4141 442f 7a6a 332f
2f38 3439 2f2f 2f4f 5066 2f2f 7a6a 332f
2f38 3439 2f2f 2f4f 5066 2f2f 7a6a 332f
2f38 3439 2f2f 5752 4450 2f31 6b51 7a2f
2f38 3439 2f2f 2f4f 5066 2f2f 7a6a 332f
2f38 3439 2f2f 2f4f 5066 2f2f 7a6a 332f
2f38 3439 2f2f 2f4f 5066 2f2f 7a6a 332f
2f38 3439 2f2f 2f4f 5066 2f2f 7a6a 332f
2f38 3439 2f2f 2f4f 5066 2f2f 7a6a 332f
2f38 3439 2f2f 2f4f 5066 2f2f 7a6a 332f
2f38 3439 2f2f 2f4f 5066 2f2f 7a6a 332f
2f38 3439 2f77 4141 4141 4141 4141 4141
4141 4141 4141 4141 4141 4141 4141 4141
4141 4141 4141 4141 4141 442f 2f2f 3841
395a 454d 2f2f 5752 4450 2f31 6b51 7a2f
4141 4141 4141 4141 4141 4141 4141 4141
4141 4141 4141 4141 4141 4141 4141 4141
4141 4141 4141 4141 4141 4141 4141 4141
4141 4141 4141 4141 4141 4141 4141 4141
4141 4141 4141 4141 4141 4141 4141 4141
4141 4141 4141 4141 4141 4141 4141 4141
4141 4141 4141 4141 4141 4141 4141 4141
2f38 3439 2f2f 2f4f 5066 2f2f 7a6a 332f
2f38 3439 2f2f 2f4f 5066 2f2f 7a6a 332f
2f38 3439 2f2f 2f4f 5066 2f31 6b51 7a2f
395a 454d 2f2f 2f4f 5066 2f2f 7a6a 332f
2f38 3439 2f2f 2f4f 5066 2f2f 7a6a 332f
2f38 3439 2f2f 2f4f 5066 2f2f 7a6a 332f
2f38 3439 2f2f 2f4f 5066 2f2f 7a6a 332f
2f38 3439 2f2f 2f4f 5066 2f2f 7a6a 332f
2f38 3439 2f2f 2f4f 5066 2f2f 7a6a 332f
2f38 3439 2f2f 2f4f 5066 2f2f 7a6a 332f
2f38 3439 2f2f 2f4f 5066 3841 4141 4141
4141 4141 4141 4141 4141 4141 4141 4141
4141 4141 4141 4141 4141 4141 4141 4141
4141 4141 4141 4141 4141 4431 6b51 7a2f
395a 454d 2f77 4141 4141 4141 4141 4141
4141 4141 4141 4141 4141 4141 4141 4141
4141 4141 4141 4141 4141 4141 4141 4141
4141 4141 4141 4141 4141 4141 4141 4141
4141 4141 4141 4141 4141 4141 4141 4141
4141 4141 4141 4141 4141 4141 4141 4141
4141 4141 4141 4141 4141 4141 4141 4141
4141 4141 4141 4141 4141 4141 4141 4141
4141 4141 4141 4141 4141 434c 7a2f 722f
6938 2f36 2f34 7650 2b76 2b4c 7a2f 722f
616b 7731 2f32 704d 4e66 3971 5444 582f
616b 7731 2f77 4141 4141 4141 4141 4141
4141 4141 4141 4141 4141 4141 4141 4141
4141 4141 4141 4141 4141 4141 4141 4141
6938 2f36 2f34 7650 2b76 2b4c 7a2f 722f
6938 2f36 2f34 7650 2b76 2b4c 7a2f 722f
6938 2f36 2f34 7650 2b76 2b4c 7a2f 722f
6938 2f36 2f34 7650 2b76 2b4c 7a2f 722f
6938 2f36 2f34 7650 2b76 2b4c 7a2f 722f
6938 2f36 2f77 4141 4141 4141 4141 4141
4141 4141 4141 4141 4141 4141 4141 4141
4141 4141 4141 4141 4141 4141 4141 4141
2b76 7236 2f2f 7236 2b76 2f36 2b76 722f
2f65 376d 2f2f 3375 3576 2f39 3775 622f
4141 4141 4141 4141 4141 4141 4141 4141
4141 4141 4141 4141 4141 4141 4141 4141
4141 4141 4141 4141 4141 4141 4141 4141
4141 4141 4141 4141 4141 4141 4141 4141
4141 4141 4141 4141 4141 4141 4141 4141
4141 4141 4141 4141 4141 4141 4141 4141
6938 2f36 2f34 7650 2b76 2b4c 7a2f 722f
6938 2f36 2f32 704d 4e66 3971 5444 582f
616b 7731 2f32 704d 4e66 3841 4141 4141
4141 4141 4141 4141 4141 4141 4141 4141
4141 4141 4141 4141 4141 4141 4141 4141
4141 4141 4149 7650 2b76 2b4c 7a2f 722f
6938 2f36 2f2f 3375 3576 2f39 3775 622f
6938 2f36 2f34 7650 2b76 2b4c 7a2f 722f
6938 2f36 2f34 7650 2b76 2b4c 7a2f 722f
6938 2f36 2f34 7650 2b76 2b4c 7a2f 722f
6938 2f36 2f34 7650 2b76 3841 4141 4141
4141 4141 4141 4141 4141 4141 4141 4141
4141 4141 4141 4141 4141 4141 4141 4141
4141 4141 4150 7236 2b76 2f36 2b76 722f
2b76 7236 2f2f 3375 3576 2f39 3775 622f
2f65 376d 2f77 4141 4141 4141 4141 4141
4141 4141 4141 4141 4141 4141 4141 4141
4141 4141 4141 4141 4141 4141 4141 4141
4141 4141 4141 4141 4141 4141 4141 4141
4141 4141 4141 4141 4141 4141 4141 4141
4141 4141 4141 4141 4141 4141 4141 4141
4141 4141 4149 7650 2b76 2b4c 7a2f 722f
6938 2f36 2f34 7650 2b76 3971 5444 582f
616b 7731 2f32 704d 4e66 3971 5444 582f
4141 4141 4141 4141 4141 4141 4141 4141
4141 4141 4141 4141 4141 4141 4141 4141
4141 4141 4141 4141 4141 434c 7a2f 722f
6938 2f36 2f34 7650 2b76 2f39 3775 622f
2f65 376d 2f34 7650 2b76 2b4c 7a2f 722f
6938 2f36 2f34 7650 2b76 2b4c 7a2f 722f
6938 2f36 2f34 7650 2b76 2b4c 7a2f 722f
6938 2f36 2f34 7650 2b76 2b4c 7a2f 722f
4141 4141 4141 4141 4141 4141 4141 4141
4141 4141 4141 4141 4141 4141 4141 4141
4141 4141 4141 4141 4141 4436 2b76 722f
2b76 7236 2f2f 7236 2b76 2f39 3775 622f
2f65 376d 2f2f 3375 3576 3841 4141 4141
4141 4141 4141 4141 4141 4141 4141 4141
4141 4141 4141 4141 4141 4141 4141 4141
4141 4141 4141 4141 4141 4141 4141 4141
4141 4141 4141 4141 4141 4141 4141 4141
4141 4141 4141 4141 4141 4141 4141 4141
4141 4141 4141 4141 4141 434c 7a2f 722f
6938 2f36 2f34 7650 2b76 2b4c 7a2f 722f
616b 7731 2f32 704d 4e66 3971 5444 582f
616b 7731 2f77 4141 4141 4141 4141 4141
4141 4141 4141 4141 4141 4141 4141 4141
4141 4141 4141 4141 4141 4141 4141 4141
6938 2f36 2f34 7650 2b76 2b4c 7a2f 722f
2f65 376d 2f2f 3375 3576 2b4c 7a2f 722f
6938 2f36 2f34 7650 2b76 2b4c 7a2f 722f
6938 2f36 2f34 7650 2b76 2b4c 7a2f 722f
6938 2f36 2f34 7650 2b76 2b4c 7a2f 722f
6938 2f36 2f77 4141 4141 4141 4141 4141
4141 4141 4141 4141 4141 4141 4141 4141
4141 4141 4141 4141 4141 4141 4141 4141
2b76 7236 2f2f 7236 2b76 2f36 2b76 722f
2f65 376d 2f2f 3375 3576 2f39 3775 622f
4141 4141 4141 4141 4141 4141 4141 4141
4141 4141 4141 4141 4141 4141 4141 4141
4141 4141 4141 4141 4141 4141 4141 4141
4141 4141 4141 4141 4141 4141 4141 4141
4141 4141 4141 4141 4141 4258 6b74 2f2f
6938 2f36 2f34 7650 2b76 3958 6b74 2f2f
5635 4c66 2f34 7650 2b76 2b4c 7a2f 722f
5635 4c66 2f31 6553 332f 2b4c 7a2f 722f
6938 2f36 2f31 6553 332f 3958 6b74 2f2f
6938 2f36 2f34 7650 2b76 3958 6b74 2f2f
2b76 7236 2f2f 7236 2b76 2f36 2b76 722f
2b76 7236 2f34 7650 2b76 2b4c 7a2f 722f
6938 2f36 2f2f 3375 3576 2f39 3775 622f
6938 2f36 2f34 7650 2b76 2b4c 7a2f 722f
2b76 7236 2f2f 7236 2b76 2f36 2b76 722f
2b76 7236 2f34 7650 2b76 2b4c 7a2f 722f
6938 2f36 2f34 7650 2b76 2b4c 7a2f 722f
6938 2f36 2f34 7650 2b76 2b4c 7a2f 722f
2b76 7236 2f2f 7236 2b76 2f36 2b76 722f
2b76 7236 2f2f 7236 2b76 2f36 2b76 722f
2b76 7236 2f2f 7236 2b76 2f36 2b76 722f
2b76 7236 2f2f 7236 2b76 2f36 2b76 722f
2b76 7236 2f2f 7236 2b76 3841 4141 4141
4141 4141 4141 4141 4141 4141 4141 4141
4141 4141 4141 4141 4141 4141 4141 4141
4141 4141 4141 4141 4141 4141 4141 4141
5459 4c48 2f33 7935 332f 3938 7564 2f2f
5459 4c48 2f30 3243 782f 3938 7564 2f2f
664c 6e66 2f30 3243 782f 394e 6773 662f
664c 6e66 2f33 7935 332f 394e 6773 662f
5459 4c48 2f33 7935 332f 3938 7564 2f2f
5534 7656 2f2f 7236 2b76 2f36 2b76 722f
2b76 7236 2f2f 7236 2b76 2b4c 7a2f 722f
6938 2f36 2f34 7650 2b76 2b4a 7a50 622f
6938 2f36 2f34 7650 2b76 2b4c 7a2f 722f
6938 2f36 2f2f 7236 2b76 2f36 2b76 722f
2b76 7236 2f2f 7236 2b76 2b4c 7a2f 722f
6938 2f36 2f34 7650 2b76 2b4c 7a2f 722f
6938 2f36 2f34 7650 2b76 2b4c 7a2f 722f
6938 2f36 2f2f 7236 2b76 2f36 2b76 722f
2b76 7236 2f2f 7236 2b76 2f36 2b76 722f
2b76 7236 2f2f 7236 2b76 2f36 2b76 722f
2b76 7236 2f2f 7236 2b76 2f36 2b76 722f
2b76 7236 2f2f 7236 2b76 2f36 2b76 722f
4141 4141 4141 4141 4141 4141 4141 4141
4141 4141 4141 4141 4141 4141 4141 4141
4141 4141 4141 4141 4141 4141 4141 4141
4141 4141 4145 3243 782f 3938 7564 2f2f
664c 6e66 2f30 3243 782f 394e 6773 662f
664c 6e66 2f33 7935 332f 394e 6773 662f
5459 4c48 2f33 7935 332f 3938 7564 2f2f
5459 4c48 2f30 3243 782f 3938 7564 2f2f
664c 6e66 2f30 3243 782f 2f36 2b76 722f
2b76 7236 2f2f 7236 2b76 2f36 2b76 722f
6938 2f36 2f34 7650 2b76 2b4a 7a50 622f
684d 6276 2f34 6e4d 3976 2b4c 7a2f 722f
6963 7a32 2f34 6e4d 3976 2f36 2b76 722f
2b76 7236 2f2f 7236 2b76 2f36 2b76 722f
372b 2f76 2f34 7650 2b76 2b4c 7a2f 722f
6938 2f36 2f34 7650 2b76 2b4c 7a2f 722f
6938 2f36 2f2b 2f76 372f 2f36 2b76 722f
2b76 7236 2f2f 7236 2b76 2f36 2b76 722f
2b76 7236 2f2f 7236 2b76 2f36 2b76 722f
2b76 7236 2f2f 7236 2b76 2f36 2b76 722f
2b76 7236 2f2f 7236 2b76 2f36 2b76 722f
2b76 7236 2f77 4141 4141 4141 4141 4141
4141 4141 4141 4141 4141 4141 4141 4141
4141 4141 4141 4141 4141 4141 4141 4141
4141 4141 4141 4141 4141 4439 3775 622f
2f65 376d 2f2f 3375 3576 2f39 3775 622f
2f65 376d 2f2f 3375 3576 2f39 3775 622f
2f65 376d 2f2f 3375 3576 2f39 3775 622f
2f65 376d 2f2f 3375 3576 2f39 3775 622f
2f65 376d 2f2f 3375 3576 2f39 3775 622f
2b76 7236 2f2f 7236 2b76 2f36 2b76 722f
2b76 7236 2f2b 2f76 372f 2b4c 7a2f 722f
6963 7a32 2f34 5447 372f 2b45 7875 2f2f
6963 7a32 2f34 7650 2b76 2f76 372b 2f2f
2b76 7236 2f2f 7236 2b76 2f36 2b76 722f
2b76 7236 2f2f 7236 2b76 2f76 372b 2f2f
372b 2f76 2f2b 2f76 372f 2f76 372b 2f2f
372b 2f76 2f2b 2f76 372f 2f36 2b76 722f
2b76 7236 2f2f 7236 2b76 2f36 2b76 722f
2b76 7236 2f2f 7236 2b76 2f36 2b76 722f
2b76 7236 2f2f 7236 2b76 2f36 2b76 722f
2b76 7236 2f2f 7236 2b76 2f36 2b76 722f
2b76 7236 2f2f 7236 2b76 3841 4141 4141
4141 4141 4141 4141 4141 4141 4141 4141
4141 4141 4141 4141 4141 4141 4141 4141
4141 4141 4141 4141 4141 4141 4141 4141
2f65 376d 2f2f 3375 3576 2f39 3775 622f
2f65 376d 2f2f 3375 3576 2f39 3775 622f
2f65 376d 2f2f 3375 3576 2f39 3775 622f
2f65 376d 2f2f 3375 3576 2f39 3775 622f
2f65 376d 2f2f 3375 3576 2f39 3775 622f
2f65 376d 2f2f 7236 2b76 2f36 2b76 722f
2b76 7236 2f2f 7236 2b76 2f36 2b76 722f
372b 2f76 2f2b 2f76 372f 2f76 372b 2f2f
2f77 4141 2f2b 2f76 372f 2f76 372b 2f2f
2b76 7236 2f2f 7236 2b76 2f36 2b76 722f
2b76 7236 2f2f 7236 2b76 2f36 2b76 722f
2b76 7236 2f2f 7236 2b76 2f36 2b76 722f
2b76 7236 2f2f 7236 2b76 2f36 2b76 722f
2b76 7236 2f2f 7236 2b76 2f36 2b76 722f
2b76 7236 2f2f 7236 2b76 2f36 2b76 722f
2b76 7236 2f2f 7236 2b76 2f36 2b76 722f
2b76 7236 2f2f 7236 2b76 2f36 2b76 722f
2b76 7236 2f2f 7236 2b76 2f36 2b76 722f
4141 4141 4141 4141 4141 4141 4141 4141
4141 4141 4141 4141 4141 4141 4141 4141
4141 4141 4141 4141 4141 4141 4141 4141
4141 4141 4144 5130 4d76 3830 4e44 4c2f
4e44 5179 2f7a 5130 4d76 3830 4e44 4c2f
4e44 5179 2f7a 5130 4d76 3830 4e44 4c2f
4e44 5179 2f7a 5130 4d76 3830 4e44 4c2f
4e44 5179 2f7a 5130 4d76 3830 4e44 4c2f
4e44 5179 2f7a 5130 4d76 2f36 2b76 722f
2b76 7236 2f2f 7236 2b76 2f36 2b76 722f
2b76 7236 2f2f 7236 2b76 2f36 2b76 722f
372b 2f76 2f2f 3841 4150 2f36 2b76 722f
2b76 7236 2f2f 7236 2b76 2f36 2b76 722f
2b76 7236 2f2f 7236 2b76 2f36 2b76 722f
2b76 7236 2f2f 7236 2b76 2f36 2b76 722f
2b76 7236 2f2f 7236 2b76 2f36 2b76 722f
2b76 7236 2f2f 7236 2b76 2f36 2b76 722f
2b76 7236 2f2f 7236 2b76 2f36 2b76 722f
2b76 7236 2f2f 7236 2b76 2f36 2b76 722f
2b76 7236 2f2f 7236 2b76 2f36 2b76 722f
2b76 7236 2f2f 7236 2b76 2f36 2b76 722f
2b76 7236 2f77 4141 4141 4141 4141 4141
4141 4141 4141 4141 4141 4141 4141 4141
4141 4141 4141 4141 4141 4141 4141 4141
4141 4141 4141 4141 4141 4133 4e7a 582f
4e7a 6331 2f7a 6333 4e66 3833 4e7a 582f
4e7a 6331 2f7a 6333 4e66 3833 4e7a 582f
4e7a 6331 2f7a 6333 4e66 3833 4e7a 582f
4e7a 6331 2f7a 6333 4e66 3833 4e7a 582f
4e7a 6331 2f7a 6333 4e66 3833 4e7a 582f
2b76 7236 2f2f 7236 2b76 2f36 2b76 722f
2b76 7236 2f2f 7236 2b76 2f36 2b76 722f
2b76 7236 2f2b 2f76 372f 2f2f 4141 442f
2b76 7236 2f2f 7236 2b76 2f36 2b76 722f
2b76 7236 2f2f 7236 2b76 2f36 2b76 722f
2b76 7236 2f2f 7236 2b76 2f36 2b76 722f
2b76 7236 2f2f 7236 2b76 2f36 2b76 722f
2b76 7236 2f2f 7236 2b76 2f36 2b76 722f
2b76 7236 2f2f 7236 2b76 2f36 2b76 722f
2b76 7236 2f2f 7236 2b76 2f36 2b76 722f
2b76 7236 2f2f 7236 2b76 2f36 2b76 722f
2b76 7236 2f2f 7236 2b76 2f36 2b76 722f
2b76 7236 2f2f 7236 2b76 3841 4141 4141
4141 4141 4141 4141 4141 4141 4141 4141
4141 4141 4141 4141 4141 4141 4141 4141
4141 4141 4141 4141 4141 4141 4141 4141
4e7a 6331 2f7a 6333 4e66 3833 4e7a 582f
4e7a 6331 2f7a 6333 4e66 3833 4e7a 582f
4e7a 6331 2f7a 6333 4e66 3833 4e7a 582f
4e7a 6331 2f7a 6333 4e66 3833 4e7a 582f
4e7a 6331 2f7a 6333 4e66 3833 4e7a 582f
4e7a 6331 2f2f 7236 2b76 2f36 2b76 722f
2b76 7236 2f2f 7236 2b76 2f36 2b76 722f
2b76 7236 2f2f 7236 2b76 2f76 372b 2f2f
2f77 4141 2f2f 7236 2b76 2f36 2b76 722f
2b76 7236 2f2f 7236 2b76 2f36 2b76 722f
2b76 7236 2f2f 7236 2b76 2f36 2b76 722f
2b76 7236 2f2f 7236 2b76 2f36 2b76 722f
2b76 7236 2f2f 7236 2b76 2f36 2b76 722f
2b76 7236 2f2f 7236 2b76 2f36 2b76 722f
2b76 7236 2f2f 7236 2b76 2f36 2b76 722f
2b76 7236 2f2f 7236 2b76 2f36 2b76 722f
2b76 7236 2f2f 7236 2b76 2f36 2b76 722f
2b76 7236 2f2f 7236 2b76 2f36 2b76 722f
4141 4141 4141 4141 4141 4141 4141 4141
4141 4141 4141 4141 4141 4141 4141 4141
4141 4141 4141 4141 4141 4141 4141 4141
4141 4141 4144 6333 4e66 3833 4e7a 582f
4e7a 6331 2f7a 6333 4e66 3833 4e7a 582f
4e7a 6331 2f7a 6333 4e66 3833 4e7a 582f
4e7a 6331 2f7a 6333 4e66 3833 4e7a 582f
4e7a 6331 2f7a 6333 4e66 3833 4e7a 582f
4e7a 6331 2f7a 6333 4e66 2f36 2b76 722f
2b76 7236 2f2f 7236 2b76 2f36 2b76 722f
2b76 7236 2f2f 7236 2b76 2f36 2b76 722f
372b 2f76 2f2f 3841 4150 2f36 2b76 722f
2b76 7236 2f2f 7236 2b76 2f36 2b76 722f
2b76 7236 2f2f 7236 2b76 2f36 2b76 722f
2b76 7236 2f2f 7236 2b76 2f36 2b76 722f
2b76 7236 2f2f 7236 2b76 2f36 2b76 722f
2b76 7236 2f2f 7236 2b76 2f36 2b76 722f
2b76 7236 2f2f 7236 2b76 2f36 2b76 722f
2b76 7236 2f2f 7236 2b76 2f36 2b76 722f
2b76 7236 2f2f 7236 2b76 2f36 2b76 722f
2b76 7236 2f2f 7236 2b76 2f36 2b76 722f
2b76 7236 2f77 4141 4141 4141 4141 4141
4141 4141 4141 4141 4141 4141 4141 4141
4141 4141 4141 4141 4141 4141 4141 4141
4141 4141 4141 4141 4141 4133 4e7a 582f
4e7a 6331 2f7a 6333 4e66 3833 4e7a 582f
4e7a 6331 2f7a 6333 4e66 3833 4e7a 582f
4e7a 6331 2f7a 6333 4e66 3833 4e7a 582f
4e7a 6331 2f7a 6333 4e66 3833 4e7a 582f
4e7a 6331 2f7a 6333 4e66 3833 4e7a 582f
2b76 7236 2f2b 2f76 372f 2f76 372b 2f2f
2b76 7236 2f2f 7236 2b76 2f36 2b76 722f
2b76 7236 2f2b 2f76 372f 2f2f 4141 442f
2b76 7236 2f2f 7236 2b76 2f36 2b76 722f
2b76 7236 2f2b 2f76 372f 2f76 372b 2f2f
2b76 7236 2f2f 7236 2b76 2f36 2b76 722f
2b76 7236 2f2f 7236 2b76 2f36 2b76 722f
2b76 7236 2f2f 7236 2b76 2f36 2b76 722f
3976 6232 2f2f 6232 3976 2f32 3976 622f
3976 6232 2f2f 6232 3976 2f32 3976 622f
3966 5831 2f2f 6232 3976 2f32 3976 622f
3976 6232 2f2f 6232 3976 2f32 3976 622f
3976 6232 2f2f 5831 3966 3841 4141 4141
4141 4141 4141 4141 4141 4141 4141 4141
4141 4141 4141 4141 4141 4141 4141 4141
4141 4141 4141 4141 4141 4141 4141 4141
4e7a 6331 2f7a 6333 4e66 3833 4e7a 582f
4e7a 6331 2f7a 6333 4e66 3833 4e7a 582f
4e7a 6331 2f7a 6333 4e66 3833 4e7a 582f
4e7a 6331 2f7a 6333 4e66 3833 4e7a 582f
4e7a 6331 2f7a 6333 4e66 3833 4e7a 582f
4e7a 6331 2f2b 2f76 372f 2b4c 7a2f 722f
6938 2f36 2f2b 2f76 372f 2f76 372b 2f2f
372b 2f76 2f2b 2f76 372f 2f76 372b 2f2f
6e4a 755a 2f36 2b75 712f 2f76 372b 2f2f
372b 2f76 2f2b 2f76 372f 2b4c 7a2f 722f
6938 2f36 2f2b 2f76 372f 2f76 372b 2f2f
372b 2f76 2f2b 2f76 372f 2f76 372b 2f2f
372b 2f76 2f2b 2f76 372f 2f76 372b 2f2f
372b 2f76 2f2b 2f76 372f 2f76 372b 2f2f
372b 2f76 2f2b 2f76 372f 2f76 372b 2f2f
372b 2f76 2f2b 2f76 372f 2f76 372b 2f2f
372b 2f76 2f2b 2f76 372f 2f76 372b 2f2f
372b 2f76 2f2b 2f76 372f 2f76 372b 2f2f
4141 4141 4141 4141 4141 4141 4141 4141
4141 4141 4141 4141 4141 4141 4141 4141
4141 4141 4141 4141 4141 4141 4141 4141
4141 4141 4147 704d 4e66 3971 5444 582f
616b 7731 2f32 704d 4e66 3971 5444 582f
616b 7731 2f32 704d 4e66 3971 5444 582f
616b 7731 2f32 704d 4e66 3971 5444 582f
616b 7731 2f32 704d 4e66 3971 5444 582f
616b 7731 2f32 704d 4e66 3958 6b74 2f2f
6938 2f36 2f34 7650 2b76 3958 6b74 2f2f
5635 4c66 2f34 7650 2b76 2b4c 7a2f 722f
5635 4c66 2f31 6553 332f 2b4c 7a2f 722f
6938 2f36 2f31 6553 332f 3958 6b74 2f2f
6938 2f36 2f34 7650 2b76 3958 6b74 2f2f
5635 4c66 2f34 7650 2b76 2b4c 7a2f 722f
5635 4c66 2f31 6553 332f 2b4c 7a2f 722f
6938 2f36 2f31 6553 332f 2f39 3775 622f
2f65 376d 2f2f 3375 3576 2f39 3775 622f
2f65 376d 2f2f 3375 3576 2f39 3775 622f
2f65 376d 2f2f 3375 3576 2f39 3775 622f
2f65 376d 2f2f 3375 3576 2f39 3775 622f
2f65 376d 2f77 4141 4141 4141 4141 4141
4141 4141 4141 4141 4141 4141 4141 4141
4141 4141 4141 4141 4141 4141 4141 4141
4141 4141 4141 4141 4141 4141 4141 4141
4141 4141 4141 4141 4141 4141 4141 4141
4141 4141 4141 4141 4141 4141 4141 4141
4141 4141 4141 4141 4141 4141 4141 4141
4141 4141 4141 4141 4141 4141 4141 4141
4141 4141 4141 4141 4141 4141 4141 4141
4141 4141 4141 4141 4141 4141 4141 4141
4141 4141 4141 4141 4141 4141 4141 4141
4141 4141 4141 4141 4141 4141 4141 4141
4141 4141 4141 4141 4141 4141 4141 4141
4141 4141 4141 4141 4141 4141 4141 4141
4141 4141 4141 4141 4141 4141 4141 4141
4141 4141 4141 4141 4141 4141 4141 4141
4141 4141 4141 4141 4141 4141 4141 4141
4141 4141 4141 4141 4141 4141 4141 4141
4141 4141 4141 4141 4141 4141 4141 4141
4141 4141 4141 4141 4141 4141 4141 4141
4141 4141 4141 4141 4141 4141 4141 4141
4141 4141 4141 4141 4141 4141 4141 4141
4141 4141 4141 4141 4141 4141 4141 4141
4141 4141 4141 4141 4141 4141 4141 4141
4141 4141 4141 4141 4141 4141 4141 4141
4141 4141 4141 4141 4141 4141 4141 4141
4141 4141 4141 4141 4141 4141 4141 4141
4141 4141 4141 4141 4141 4141 4141 4141
4141 4141 4141 4141 4141 4141 4141 4141
4141 4141 4141 4141 4141 4141 4141 4141
4141 4141 4141 4141 4141 4141 4141 4141
4141 4141 4141 4141 4141 4141 4141 4141
4141 4141 4141 4141 4141 4141 4141 4141
4141 4141 4141 4141 4141 4141 4141 4141
4141 4141 4141 4141 4141 4141 4141 4141
4141 4141 4141 4141 4141 4141 4141 4141
4141 4141 4141 4141 4141 4141 4141 4141
4141 4141 4141 4141 4141 4141 4141 4141
4141 4141 4141 4141 4141 4141 4141 4141
4141 4141 4141 4141 4141 4141 4141 4141
4141 4141 4141 4141 4141 4141 4141 4141
4141 4141 4141 4141 4141 4141 4141 4141
4141 4141 4141 4141 4141 4141 4141 4141
4141 4141 4141 4141 4141 4141 4141 4141
4141 4141 4141 4141 4141 4141 4141 4141
4141 4141 4141 4141 4141 4141 4141 4141
4141 4141 4141 4141 4141 4141 4141 4141
4141 4141 4141 4141 4141 4141 4141 4141
4141 4141 4141 4141 4141 4141 4141 4141
4141 4141 4141 4141 4141 4141 4141 4141
4141 4141 4141 4141 4141 4141 4141 4141
4141 4141 4141 4141 4141 4141 4141 4141
4141 4141 4141 4141 4141 4141 4141 4141
4141 4141 4141 4141 4141 4141 4141 4141
4141 4141 4141 4141 4141 4141 4141 4141
4141 4141 4141 4141 4141 4141 4141 4141
4141 4141 4141 4141 4141 4141 4141 4141
4141 4141 4141 4141 4141 4141 4141 4141
4141 4141 4141 4141 4141 4141 4141 4141
4141 4141 4141 4141 4141 4141 4141 4141
4141 4141 4141 4141 4141 4141 4141 4141
4141 4141 4141 4141 4141 4141 4141 4141
4141 4141 4141 4141 4141 4141 4141 4141
4141 4141 4141 4141 4141 4141 4141 4141
4141 4141 4141 4141 4141 4141 4141 4141
4141 4141 4141 4141 4141 4141 4141 4141
4141 4141 4141 4141 4141 4141 4141 4141
4141 4141 4141 4141 4141 4141 4141 4141
4141 4141 4141 4141 4141 4141 4141 4141
4141 4141 4141 4141 4141 4141 4141 4141
4141 4141 4141 4141 4141 4141 4141 4141
4141 4141 4141 4141 4141 4141 4141 4141
4141 4141 4141 4141 4141 4141 4141 4141
4141 4141 4141 4141 4141 4141 4141 4141
4141 4141 4141 4141 4141 4141 4141 4141
4141 4141 4141 4141 4141 4141 4141 4141
4141 4141 4141 4141 4141 4141 4141 4141
4141 4141 4141 4141 4141 4141 4141 4141
4141 4141 4141 4141 4141 4141 4141 4141
4141 4141 4141 4141 4141 4141 4141 4141
4141 4141 4141 4141 4141 4141 4141 4141
4141 4141 4141 4141 4141 4141 4141 4141
4141 4141 4141 4141 4141 4141 4141 4141
4141 4141 4141 4141 4141 4141 4141 4141
4141 4141 4141 4141 4141 4141 4141 4141
4141 4141 4141 4141 4141 4141 4141 4141
4141 4141 4141 4141 4141 4141 4141 4141
4141 4141 4141 4141 4141 4141 4141 4141
4141 4141 4141 4141 4141 4141 4141 4141
4141 4141 4141 4141 4141 4141 4141 4141
4141 4141 4141 4141 4141 4141 4141 4141
4141 4141 4141 4141 4141 4141 4141 4141
4141 4141 4141 4141 4141 4141 4141 4141
4141 4141 4141 4141 4141 4141 4141 4141
4141 4141 4141 4141 4141 4141 4141 4141
4141 4141 4141 4141 4141 4141 4141 4141
4141 4141 4141 4141 4141 4141 4141 4141
4141 4141 4141 4141 4141 4141 4141 4141
4141 4141 4141 4141 4141 4141 4141 4141
4141 4141 4141 4141 4141 4141 4141 4141
4141 4141 4141 4141 4141 4141 4141 4141
4141 4141 4141 4141 4141 4141 4141 4141
4141 4141 4141 4141 4141 4141 4141 4141
4141 4141 4141 4141 4141 4141 4141 4141
4141 4141 4141 4141 4141 4141 4141 4141
4141 4141 4141 4141 4141 4141 4141 4141
4141 4141 4141 4141 4141 4141 4141 4141
4141 4141 4141 4141 4141 4141 4141 4141
4141 4141 4141 4141 4141 4141 4141 4141
4141 4141 4141 4141 4141 4141 4141 4141
4141 4141 4141 4141 4141 4141 4141 4141
4141 4141 4141 4141 4141 4141 4141 4141
4141 4141 4141 4141 4141 4141 4141 4141
4141 4141 4141 4141 4141 4141 4141 4141
4141 4141 4141 4141 4141 4141 4141 4141
4141 4141 4141 4141 4141 4141 4141 4141
4141 4141 4141 4141 4141 4141 4141 4141
4141 4141 4141 4141 4141 4141 4141 4141
4141 4141 4141 4141 4141 4141 4141 4141
4141 4141 4141 4141 4141 4141 4141 4141
4141 4141 4141 4141 4141 4141 4141 4141
4141 4141 4141 4141 4141 4141 4141 4141
4141 4141 4141 4141 4141 4141 4141 4141
4141 4141 4141 4141 4141 4141 4141 4141
4141 4141 4141 4141 4141 4141 4141 4141
4141 4141 4141 4141 4141 4141 4141 4141
4141 4141 4141 4141 4141 4141 4141 4141
4141 4141 4141 4141 4141 4141 4141 4141
4141 4141 4141 4141 4141 4141 4141 4141
4141 4141 4141 4141 4141 4141 4141 4141
4141 4141 4141 4141 4141 4141 4141 4141
4141 4141 4141 4141 4141 4141 4141 4141
4141 4141 4141 4141 4141 4141 4141 4141
4141 4141 4141 4141 4141 4141 4141 4141
4141 4141 4141 4141 4141 4141 4141 4141
4141 4141 4141 4141 4141 4141 4141 4141
4141 4141 4141 4141 4141 4141 4141 4141
4141 4141 4141 4141 4141 4141 4141 4141
4141 4141 4141 4141 4141 4141 4141 4141
4141 4141 4141 4141 4141 4141 4141 4141
4141 4141 4141 4141 4141 4141 4141 4141
4141 4141 4141 4141 4141 4141 4141 4141
4141 4141 4141 4141 4141 4141 4141 4141
4141 4141 4141 4141 4141 4141 4141 4141
4141 4141 4141 4141 4141 4141 4141 4141
4141 4141 4141 4141 4141 4141 4141 4141
4141 4141 4141 4141 4141 4141 4141 4141
4141 4141 4141 4141 4141 4141 4141 4141
4141 4141 4141 4141 4141 4141 4141 4141
4141 4141 4141 4141 4141 4141 4141 4141
4141 4141 4141 4141 4141 4141 4141 4141
4141 4141 4141 4141 4141 4141 4141 4141
4141 4141 4141 4141 4141 4141 4141 4141
4141 4141 4141 4141 4141 4141 4141 4141
4141 4141 4141 4141 4141 4141 4141 4141
4141 4141 4141 4141 4141 4141 4141 4141
4141 4141 4141 4141 4141 4141 4141 4141
4141 4141 4141 4141 4141 4141 4141 4141
4141 4141 4141 4141 4141 4141 4141 4141
4141 4141 4141 4141 4141 4141 4141 4141
4141 4141 4141 4141 4141 4141 4141 4141
4141 4141 4141 4141 4141 4141 4141 4141
4141 4141 4141 4141 4141 4141 4141 4141
4141 4141 4141 4141 4141 4141 4141 4141
4141 4141 4141 4141 4141 4141 4141 4141
4141 4141 4141 4141 4141 4141 4141 4141
4141 4141 4141 4141 4141 4141 4141 4141
4141 4141 4141 4141 4141 4141 4141 4141
4141 4141 4141 4141 4141 4141 4141 4141
4141 4141 4141 4141 4141 4141 4141 4141
4141 4141 4141 4141 4141 4141 4141 4141
4141 4141 4141 4141 4141 4141 4141 4141
4141 4141 4141 4141 4141 4141 4141 4141
4141 4141 4141 4141 4141 4141 4141 4141
4141 4141 4141 4141 4141 4141 4141 4141
4141 4141 4141 4141 4141 4141 4141 4141
4141 4141 4141 4141 4141 4141 4141 4141
4141 4141 4141 4141 4141 4141 4141 4141
4141 4141 4141 4141 4141 4141 4141 4141
4141 4141 4141 4141 4141 4141 4141 4141
4141 4141 4141 4141 4141 4141 4141 4141
4141 4141 4141 4141 4141 4141 4141 4141
4141 4141 4141 4141 4141 4141 4141 4141
4141 4141 4141 4141 4141 4141 4141 4141
4141 4141 4141 4141 4141 4141 4141 4141
4141 4141 4141 4141 4141 4141 4141 4141
4141 4141 4141 4141 4141 4141 4141 4141
4141 4141 4141 4141 4141 4141 4141 4141
4141 4141 4141 4141 4141 4141 4141 4141
4141 4141 4141 4141 4141 4141 4141 4141
4141 4141 4141 4141 4141 4141 4141 4141
4141 4141 4141 4141 4141 4141 4141 4141
4141 4141 4141 4141 4141 4141 4141 4141
4141 4141 4141 4141 4141 4141 4141 4141
4141 4141 4141 4141 4141 4141 4141 4141
4141 4141 4141 4141 4141 4141 4141 4141
4141 4141 4141 4141 4141 4141 4141 4141
4141 4141 4141 4141 4141 4141 4141 4141
4141 4141 4141 4141 4141 4141 4141 4141
4141 4141 4141 4141 4141 4141 4141 4141
4141 4141 4141 4141 4141 4141 4141 4141
4141 4141 4141 4141 4141 4141 4141 4141
4141 4141 4141 4141 4141 4141 4141 4141
4141 4141 4141 4141 4141 4141 4141 4141
4141 4141 4141 4141 4141 4141 4141 4141
4141 4141 4141 4141 4141 4141 4141 4141
4141 4141 4141 4141 4141 4141 4141 4141
4141 4141 4141 4141 4141 4141 4141 4141
4141 4141 4141 4141 4141 4141 4141 4141
4141 4141 4141 4141 4141 4141 4141 4141
4141 4141 4141 4141 4141 4141 4141 4141
4141 4141 4141 4141 4141 4141 4141 4141
4141 4141 4141 4141 4141 4141 4141 4141
4141 4141 4141 4141 4141 4141 4141 4141
4141 4141 4141 4141 4141 4141 4141 4141
4141 4141 4141 4141 4141 4141 4141 4141
4141 4141 4141 4141 4141 4141 4141 4141
4141 4141 4141 4141 4141 4141 4141 4141
4141 4141 4141 4141 4141 4141 4141 4141
4141 4141 4141 4141 4141 4141 4141 4141
4141 4141 4141 4141 4141 4141 4141 4141
4141 4141 4141 4141 4141 4141 4141 4141
4141 4141 4141 4141 4141 4141 4141 4141
4141 4141 4141 4141 4141 4141 4141 4141
4141 4141 4141 4141 4141 4141 4141 4141
4141 4141 4141 4141 4141 4141 4141 4141
4141 4141 4141 4141 4141 4141 4141 4141
4141 4141 4141 4141 4141 4141 4141 4141
4141 4141 4141 4141 4141 4141 4141 4141
4141 4141 4141 4141 4141 4141 4141 4141
4141 4141 4141 4141 4141 4141 4141 4141
4141 4141 4141 4141 4141 4141 4141 4141
4141 4141 4141 4141 4141 4141 4141 4141
4141 4141 4141 4141 4141 4141 4141 4141
4141 4141 4141 4141 4141 4141 4141 4141
4141 4141 4141 4141 4141 4141 4141 4141
4141 4141 4141 4141 4141 4141 4141 4141
4141 4141 4141 4141 4141 4141 4141 4141
4141 4141 4141 4141 4141 4141 4141 4141
4141 4141 4141 4141 4141 4141 4141 4141
4141 4141 4141 4141 4141 4141 4141 4141
4141 4141 4141 4141 4141 4141 4141 4141
4141 4141 4141 4141 4141 4141 4141 4141
4141 4141 4141 4141 4141 4141 4141 4141
4141 4141 4141 4141 4141 4141 4141 4141
4141 4141 4141 4141 4141 4141 4141 4141
4141 4141 4141 4141 4141 4141 4141 4141
4141 4141 4141 4141 4141 4141 4141 4141
4141 4141 4141 4141 4141 4141 4141 4141
4141 4141 4141 4141 4141 4141 4141 4141
4141 4141 4141 4141 4141 4141 4141 4141
4141 4141 4141 4141 4141 4141 4141 4141
4141 4141 4141 4141 4141 4141 4141 4141
4141 4141 4141 4141 4141 4141 4141 4141
4141 4141 4141 4141 4141 4141 4141 4141
4141 4141 4141 4141 4141 4141 4141 4141
4141 4141 4141 4141 4141 4141 4141 4141
4141 4141 4141 4141 4141 4141 4141 4141
4141 4141 4141 4141 4141 4141 4141 4141
4141 4141 4141 4141 4141 4141 4141 4141
4141 4141 4141 4141 4141 4141 4141 4141
4141 4141 4141 4141 4141 4141 4141 4141
4141 4141 4141 4141 4141 4141 4141 4141
4141 4141 4141 4141 4141 4141 4141 4141
4141 4141 4141 4141 4141 4141 4141 4141
4141 4141 4141 4141 4141 4141 4141 4141
4141 4141 4141 4141 4141 4141 4141 4141
4141 4141 4141 4141 4141 4141 4141 4141
4141 4141 4141 4141 4141 4141 4141 4141
4141 4141 4141 4141 4141 4141 4141 4141
4141 4141 4141 4141 4141 4141 4141 4141
4141 4141 4141 4141 4141 4141 4141 4141
4141 4141 4141 4141 4141 4141 4141 4141
4141 4141 4141 4141 4141 4141 4141 4141
4141 4141 4141 4141 4141 4141 4141 4141
4141 4141 4141 4141 4141 4141 4141 4141
4141 4141 4141 4141 4141 4141 4141 4141
4141 4141 4141 4141 4141 4141 4141 4141
4141 4141 4141 4141 4141 4141 4141 4141
4141 4141 4141 4141 4141 4141 4141 4141
4141 4141 4141 4141 4141 4141 4141 4141
4141 4141 4141 4141 4141 4141 4141 4141
4141 4141 4141 4141 4141 4141 4141 4141
4141 4141 4141 4141 4141 4141 4141 4141
4141 4141 4141 4141 4141 4141 4141 4141
4141 4141 4141 4141 4141 4141 4141 4141
4141 4141 4141 4141 4141 4141 4141 4141
4141 4141 4141 4141 4141 4141 4141 4141
4141 4141 4141 4141 4141 4141 4141 4141
4141 4141 4141 4141 4141 4141 4141 4141
4141 4141 4141 4141 4141 4141 4141 4141
4141 4141 4141 4141 4141 4141 4141 4141
4141 4141 4141 4141 4141 4141 4141 4141
4141 4141 4141 4141 4141 4141 4141 4141
4141 4141 4141 4141 4141 4141 4141 4141
4141 4141 4141 4141 4141 4141 4141 4141
4141 4141 4141 4141 4141 4141 4141 4141
4141 4141 4141 4141 4141 4141 4141 4141
4141 4141 4141 4141 4141 4141 4141 4141
4141 4141 4141 4141 4141 4141 4141 4141
4141 4141 4141 4141 4141 4141 4141 4141
4141 4141 4141 4141 4141 4141 4141 4141
4141 4141 4141 4141 4141 4141 4141 4141
4141 4141 4141 4141 4141 4141 4141 4141
4141 4141 4141 4141 4141 4141 4141 4141
4141 4141 4141 4141 4141 4141 4141 4141
4141 4141 4141 4141 4141 4141 4141 4141
4141 4141 4141 4141 4141 4141 4141 4141
4141 4141 4141 4141 4141 4141 4141 4141
4141 4141 4141 4141 4141 4141 4141 4141
4141 4141 4141 4141 4141 4141 4141 4141
4141 4141 4141 4141 4141 4141 4141 4141
4141 4141 4141 4141 4141 4141 4141 4141
4141 4141 4141 4141 4141 4141 4141 4141
4141 4141 4141 4141 4141 4141 4141 4141
4141 4141 4141 4141 4141 4141 4141 4141
4141 4141 4141 4141 4141 4141 4141 4141
4141 4141 4141 4141 4141 4141 4141 4141
4141 4141 4141 4141 4141 4141 4141 4141
4141 4141 4141 4141 4141 4141 4141 4141
4141 4141 4141 4141 4141 4141 4141 4141
4141 4141 4141 4141 4141 4141 4141 4141
4141 4141 4141 4141 4141 4141 4141 4141
4141 4141 4141 4141 4141 4141 4141 4141
4141 4141 4141 4141 4141 4141 4141 4141
4141 4141 4141 4141 4141 4141 4141 4141
4141 4141 4141 4141 4141 4141 4141 4141
4141 4141 4141 4141 4141 4141 4141 4141
4141 4141 4141 4141 4141 4141 4141 4141
4141 4141 4141 4141 4141 4141 4141 4141
4141 4141 4141 4141 4141 4141 4141 4141
4141 4141 4141 4141 4141 4141 4141 4141
4141 4141 4141 4141 4141 4141 4141 4141
4141 4141 4141 4141 4141 4141 4141 4141
4141 4141 4141 4141 4141 4141 4141 4141
4141 4141 4141 4141 4141 4141 4141 4141
4141 4141 4141 4141 4141 4141 4141 4141
4141 4141 4141 4141 4141 4141 4141 4141
4141 4141 4141 4141 4141 4141 4141 4141
4141 4141 4141 4141 4141 4141 4141 4141
4141 4141 4141 4141 4141 4141 4141 4141
4141 4141 4141 4141 4141 4141 4141 4141
4141 4141 4141 4141 4141 4141 4141 4141
4141 4141 4141 4141 4141 4141 4141 4141
4141 4141 4141 4141 4141 4141 4141 4141
4141 4141 4141 4141 4141 4141 4141 4141
4141 4141 4141 4141 4141 4141 4141 4141
4141 4141 4141 4141 4141 4141 4141 4141
4141 4141 4141 4141 4141 4141 4141 4141
4141 4141 4141 4141 4141 4141 4141 4141
4141 4141 4141 4141 4141 4141 4141 4141
4141 4141 4141 4141 4141 434c 7a2f 722f
6938 2f36 2f34 7650 2b76 2b4c 7a2f 722f
616b 7731 2f32 704d 4e66 3971 5444 582f
616b 7731 2f77 4141 4141 4141 4141 4141
4141 4141 4141 4141 4141 4141 4141 4141
4141 4141 4141 4141 4141 4141 4141 4141
2b76 7236 2f2f 7236 2b76 2f36 2b76 722f
2f65 376d 2f2f 3375 3576 2f39 3775 622f
4141 4141 4141 4141 4141 4141 4141 4141
4141 4141 4141 4141 4141 4141 4141 4141
4141 4141 4141 4141 4141 4141 4141 4141
4141 4141 4141 4141 4141 4141 4141 4141
4141 4141 4141 4141 4141 4141 4141 4141
4141 4141 4141 4141 4141 4141 4141 4141
4141 4141 4141 4141 4141 4141 4141 4141
4141 4141 4141 4141 4141 4141 4141 4141
4141 4141 4141 4141 4141 4141 4141 4141
4141 4141 4141 4141 4141 4141 4141 4141
4141 4141 4141 4141 4141 4141 4141 4141
4141 4141 4141 4141 4141 4141 4141 4141
4141 4141 4141 4141 4141 4141 4141 4141
4141 4141 4141 4141 4141 4141 4141 4141
6938 2f36 2f34 7650 2b76 2b4c 7a2f 722f
6938 2f36 2f32 704d 4e66 3971 5444 582f
616b 7731 2f32 704d 4e66 3841 4141 4141
4141 4141 4141 4141 4141 4141 4141 4141
4141 4141 4141 4141 4141 4141 4141 4141
4141 4141 4150 7236 2b76 2f36 2b76 722f
2b76 7236 2f2f 3375 3576 2f39 3775 622f
2f65 376d 2f77 4141 4141 4141 4141 4141
4141 4141 4141 4141 4141 4141 4141 4141
4141 4141 4141 4141 4141 4141 4141 4141
4141 4141 4141 4141 4141 4141 4141 4141
4141 4141 4141 4141 4141 4141 4141 4141
4141 4141 4141 4141 4141 4141 4141 4141
4141 4141 4141 4141 4141 4141 4141 4141
4141 4141 4141 4141 4141 4141 4141 4141
4141 4141 4141 4141 4141 4141 4141 4141
4141 4141 4141 4141 4141 4141 4141 4141
4141 4141 4141 4141 4141 4141 4141 4141
4141 4141 4141 4141 4141 4141 4141 4141
4141 4141 4141 4141 4141 4141 4141 4141
4141 4141 4141 4141 4141 4141 4141 4141
4141 4141 4149 7650 2b76 2b4c 7a2f 722f
6938 2f36 2f34 7650 2b76 3971 5444 582f
616b 7731 2f32 704d 4e66 3971 5444 582f
4141 4141 4141 4141 4141 4141 4141 4141
4141 4141 4141 4141 4141 4141 4141 4141
4141 4141 4141 4141 4141 4436 2b76 722f
2b76 7236 2f2f 7236 2b76 2f39 3775 622f
2f65 376d 2f2f 3375 3576 3841 4141 4141
4141 4141 4141 4141 4141 4141 4141 4141
4141 4141 4141 4141 4141 4141 4141 4141
4141 4141 4141 4141 4141 4141 4141 4141
4141 4141 4141 4141 4141 4141 4141 4141
4141 4141 4141 4141 4141 4141 4141 4141
4141 4141 4141 4141 4141 4141 4141 4141
4141 4141 4141 4141 4141 4141 4141 4141
4141 4141 4141 4141 4141 4141 4141 4141
4141 4141 4141 4141 4141 4141 4141 4141
4141 4141 4141 4141 4141 4141 4141 4141
4141 4141 4141 4141 4141 4141 4141 4141
4141 4141 4141 4141 4141 4141 4141 4141
4141 4141 4141 4141 4141 4141 4141 4141
4141 4141 4141 4141 4141 434c 7a2f 722f
6938 2f36 2f34 7650 2b76 2b4c 7a2f 722f
616b 7731 2f32 704d 4e66 3971 5444 582f
616b 7731 2f77 4141 4141 4141 4141 4141
4141 4141 4141 4141 4141 4141 4141 4141
4141 4141 4141 4141 4141 4141 4141 4141
2b76 7236 2f2f 7236 2b76 2f36 2b76 722f
2f65 376d 2f2f 3375 3576 2f39 3775 622f
4141 4141 4141 4141 4141 4141 4141 4141
4141 4141 4141 4141 4141 4141 4141 4141
4141 4141 4141 4141 4141 4141 4141 4141
4141 4141 4141 4141 4141 4141 4141 4141
4141 4141 4141 4141 4141 4141 4141 4141
4141 4141 4141 4141 4141 4141 4141 4141
4141 4141 4141 4141 4141 4141 4141 4141
4141 4141 4141 4141 4141 4141 4141 4141
4141 4141 4141 4141 4141 4141 4141 4141
4141 4141 4141 4141 4141 4141 4141 4141
4141 4141 4141 4141 4141 4141 4141 4141
4141 4141 4141 4141 4141 4141 4141 4141
4141 4141 4141 4141 4141 4258 6b74 2f2f
6938 2f36 2f34 7650 2b76 3958 6b74 2f2f
5635 4c66 2f34 7650 2b76 2b4c 7a2f 722f
5635 4c66 2f31 6553 332f 2b4c 7a2f 722f
6938 2f36 2f31 6553 332f 3958 6b74 2f2f
6938 2f36 2f34 7650 2b76 3958 6b74 2f2f
2b76 7236 2f2f 7236 2b76 2f36 2b76 722f
2b76 7236 2f2f 7236 2b76 2f36 2b76 722f
2b76 7236 2f2f 7236 2b76 2f36 2b76 722f
2b76 7236 2f2f 7236 2b76 2f36 2b76 722f
2b76 7236 2f2f 7236 2b76 3841 4141 4141
4141 4141 4141 4141 4141 4141 4141 4141
4141 4141 4141 4141 4141 4141 4141 4141
4141 4141 4141 4141 4141 4141 4141 4141
4141 4141 4141 4141 4141 4141 4141 4141
4141 4141 4141 4141 4141 4141 4141 4141
4141 4141 4141 4141 4141 4141 4141 4141
4141 4141 4141 4141 4141 4141 4141 4141
4141 4141 4141 4141 4141 4141 4141 4141
4141 4141 4141 4141 4141 4141 4141 4141
4141 4141 4141 4141 4141 4141 4141 4141
4141 4141 4141 4141 4141 4141 4141 4141
5459 4c48 2f33 7935 332f 3938 7564 2f2f
5459 4c48 2f30 3243 782f 3938 7564 2f2f
664c 6e66 2f30 3243 782f 394e 6773 662f
664c 6e66 2f33 7935 332f 394e 6773 662f
5534 7656 2f33 7935 332f 3938 7564 2f2f
5459 4c48 2f2f 7236 2b76 2f36 2b76 722f
2b76 7236 2f2f 7236 2b76 2f36 2b76 722f
2b76 7236 2f2f 7236 2b76 2f36 2b76 722f
2b76 7236 2f2f 7236 2b76 2f36 2b76 722f
2b76 7236 2f2f 7236 2b76 2f36 2b76 722f
4141 4141 4141 4141 4141 4141 4141 4141
4141 4141 4141 4141 4141 4141 4141 4141
4141 4141 4141 4141 4141 4141 4141 4141
4141 4141 4141 4141 4141 4141 4141 4141
4141 4141 4141 4141 4141 4141 4141 4141
4141 4141 4141 4141 4141 4141 4141 4141
4141 4141 4141 4141 4141 4141 4141 4141
4141 4141 4141 4141 4141 4141 4141 4141
4141 4141 4141 4141 4141 4141 4141 4141
4141 4141 4141 4141 4141 4141 4141 4141
4141 4141 4141 4141 4141 4141 4141 4141
4141 4141 4145 3243 782f 3938 7564 2f2f
664c 6e66 2f30 3243 782f 394e 6773 662f
664c 6e66 2f33 7935 332f 394e 6773 662f
5459 4c48 2f33 7935 332f 3938 7564 2f2f
5459 4c48 2f30 3243 782f 3938 7564 2f2f
664c 6e66 2f30 3243 782f 2f36 2b76 722f
2b76 7236 2f2f 7236 2b76 2f36 2b76 722f
2b76 7236 2f2f 7236 2b76 2f36 2b76 722f
2b76 7236 2f2f 7236 2b76 2f36 2b76 722f
2b76 7236 2f2f 7236 2b76 2f36 2b76 722f
2b76 7236 2f77 4141 4141 4141 4141 4141
4141 4141 4141 4141 4141 4141 4141 4141
4141 4141 4141 4141 4141 4141 4141 4141
4141 4141 4141 4141 4141 4141 4141 4141
4141 4141 4141 4141 4141 4141 4141 4141
4141 4141 4141 4141 4141 4141 4141 4141
4141 4141 4141 4141 4141 4141 4141 4141
4141 4141 4141 4141 4141 4141 4141 4141
4141 4141 4141 4141 4141 4141 4141 4141
4141 4141 4141 4141 4141 4141 4141 4141
4141 4141 4141 4141 4141 4141 4141 4141
4141 4141 4141 4141 4141 4439 3775 622f
2f65 376d 2f2f 3375 3576 2f39 3775 622f
2f65 376d 2f2f 3375 3576 2f39 3775 622f
2f65 376d 2f2f 3375 3576 2f39 3775 622f
2f65 376d 2f2f 3375 3576 2f39 3775 622f
2f65 376d 2f2f 3375 3576 2f39 3775 622f
2b76 7236 2f2f 7236 2b76 2f36 2b76 722f
2b76 7236 2f2f 7236 2b76 2f36 2b76 722f
2b76 7236 2f2f 7236 2b76 2f36 2b76 722f
2b76 7236 2f2f 7236 2b76 2f36 2b76 722f
2b76 7236 2f2f 7236 2b76 3841 4141 4141
4141 4141 4141 4141 4141 4141 4141 4141
4141 4141 4141 4141 4141 4141 4141 4141
4141 4141 4141 4141 4141 4141 4141 4141
4141 4141 4141 4141 4141 4141 4141 4141
4141 4141 4141 4141 4141 4141 4141 4141
4141 4141 4141 4141 4141 4141 4141 4141
4141 4141 4141 4141 4141 4141 4141 4141
4141 4141 4141 4141 4141 4141 4141 4141
4141 4141 4141 4141 4141 4141 4141 4141
4141 4141 4141 4141 4141 4141 4141 4141
4141 4141 4141 4141 4141 4141 4141 4141
2f65 376d 2f2f 3375 3576 2f39 3775 622f
2f65 376d 2f2f 3375 3576 2f39 3775 622f
2f65 376d 2f2f 3375 3576 2f39 3775 622f
2f65 376d 2f2f 3375 3576 2f39 3775 622f
2f65 376d 2f2f 3375 3576 2f39 3775 622f
2f65 376d 2f2f 7236 2b76 2f36 2b76 722f
2b76 7236 2f2f 7236 2b76 2f36 2b76 722f
2b76 7236 2f2f 7236 2b76 2f36 2b76 722f
2b76 7236 2f2f 7236 2b76 2f36 2b76 722f
2b76 7236 2f2f 7236 2b76 2f36 2b76 722f
4141 4141 4141 4141 4141 4141 4141 4141
4141 4141 4141 4141 4141 4141 4141 4141
4141 4141 4141 4141 4141 4141 4141 4141
4141 4141 4141 4141 4141 4141 4141 4141
4141 4141 4141 4141 4141 4141 4141 4141
4141 4141 4141 4141 4141 4141 4141 4141
4141 4141 4141 4141 4141 4141 4141 4141
4141 4141 4141 4141 4141 4141 4141 4141
4141 4141 4141 4141 4141 4141 4141 4141
4141 4141 4141 4141 4141 4141 4141 4141
4141 4141 4141 4141 4141 4141 4141 4141
4141 4141 4144 5130 4d76 3830 4e44 4c2f
4e44 5179 2f7a 5130 4d76 3830 4e44 4c2f
4e44 5179 2f7a 5130 4d76 3830 4e44 4c2f
4e44 5179 2f7a 5130 4d76 3830 4e44 4c2f
4e44 5179 2f7a 5130 4d76 3830 4e44 4c2f
4e44 5179 2f7a 5130 4d76 2f36 2b76 722f
2b76 7236 2f2f 7236 2b76 2f36 2b76 722f
2b76 7236 2f2f 7236 2b76 2f36 2b76 722f
2b76 7236 2f2f 7236 2b76 2f36 2b76 722f
2b76 7236 2f2f 7236 2b76 2f36 2b76 722f
2b76 7236 2f77 4141 4141 4141 4141 4141
4141 4141 4141 4141 4141 4141 4141 4141
4141 4141 4141 4141 4141 4141 4141 4141
4141 4141 4141 4141 4141 4141 4141 4141
4141 4141 4141 4141 4141 4141 4141 4141
4141 4141 4141 4141 4141 4141 4141 4141
4141 4141 4141 4141 4141 4141 4141 4141
4141 4141 4141 4141 4141 4141 4141 4141
4141 4141 4141 4141 4141 4141 4141 4141
4141 4141 4141 4141 4141 4141 4141 4141
4141 4141 4141 4141 4141 4141 4141 4141
4141 4141 4141 4141 4141 4133 4e7a 582f
4e7a 6331 2f7a 6333 4e66 3833 4e7a 582f
4e7a 6331 2f7a 6333 4e66 3833 4e7a 582f
4e7a 6331 2f7a 6333 4e66 3833 4e7a 582f
4e7a 6331 2f7a 6333 4e66 3833 4e7a 582f
4e7a 6331 2f7a 6333 4e66 3833 4e7a 582f
2b76 7236 2f2f 7236 2b76 2f36 2b76 722f
2b76 7236 2f2f 7236 2b76 2f36 2b76 722f
2b76 7236 2f2f 7236 2b76 2f36 2b76 722f
2b76 7236 2f2f 7236 2b76 2f36 2b76 722f
2b76 7236 2f2f 7236 2b76 3841 4141 4141
4141 4141 4141 4141 4141 4141 4141 4141
4141 4141 4141 4141 4141 4141 4141 4141
4141 4141 4141 4141 4141 4141 4141 4141
4141 4141 4141 4141 4141 4141 4141 4141
4141 4141 4141 4141 4141 4141 4141 4141
4141 4141 4141 4141 4141 4141 4141 4141
4141 4141 4141 4141 4141 4141 4141 4141
4141 4141 4141 4141 4141 4141 4141 4141
4141 4141 4141 4141 4141 4141 4141 4141
4141 4141 4141 4141 4141 4141 4141 4141
4141 4141 4141 4141 4141 4141 4141 4141
4e7a 6331 2f7a 6333 4e66 3833 4e7a 582f
4e7a 6331 2f7a 6333 4e66 3833 4e7a 582f
4e7a 6331 2f7a 6333 4e66 3833 4e7a 582f
4e7a 6331 2f7a 6333 4e66 3833 4e7a 582f
4e7a 6331 2f7a 6333 4e66 3833 4e7a 582f
4e7a 6331 2f2f 7236 2b76 2f36 2b76 722f
2b76 7236 2f2f 7236 2b76 2f36 2b76 722f
2b76 7236 2f2f 7236 2b76 2f36 2b76 722f
2b76 7236 2f2f 7236 2b76 2f36 2b76 722f
2b76 7236 2f2f 7236 2b76 2f36 2b76 722f
4141 4141 4141 4141 4141 4141 4141 4141
4141 4141 4141 4141 4141 4141 4141 4141
4141 4141 4141 4141 4141 4141 4141 4141
4141 4141 4141 4141 4141 4141 4141 4141
4141 4141 4141 4141 4141 4141 4141 4141
4141 4141 4141 4141 4141 4141 4141 4141
4141 4141 4141 4141 4141 4141 4141 4141
4141 4141 4141 4141 4141 4141 4141 4141
4141 4141 4141 4141 4141 4141 4141 4141
4141 4141 4141 4141 4141 4141 4141 4141
4141 4141 4141 4141 4141 4141 4141 4141
4141 4141 4144 6333 4e66 3833 4e7a 582f
4e7a 6331 2f7a 6333 4e66 3833 4e7a 582f
4e7a 6331 2f7a 6333 4e66 3833 4e7a 582f
4e7a 6331 2f7a 6333 4e66 3833 4e7a 582f
4e7a 6331 2f7a 6333 4e66 3833 4e7a 582f
4e7a 6331 2f7a 6333 4e66 2f36 2b76 722f
2b76 7236 2f2f 7236 2b76 2f36 2b76 722f
2b76 7236 2f2f 7236 2b76 2f36 2b76 722f
2b76 7236 2f2f 7236 2b76 2f36 2b76 722f
2b76 7236 2f2f 7236 2b76 2f36 2b76 722f
2b76 7236 2f77 4141 4141 4141 4141 4141
4141 4141 4141 4141 4141 4141 4141 4141
4141 4141 4141 4141 4141 4141 4141 4141
4141 4141 4141 4141 4141 4141 4141 4141
4141 4141 4141 4141 4141 4141 4141 4141
4141 4141 4141 4141 4141 4141 4141 4141
4141 4141 4141 4141 4141 4141 4141 4141
4141 4141 4141 4141 4141 4141 4141 4141
4141 4141 4141 4141 4141 4141 4141 4141
4141 4141 4141 4141 4141 4141 4141 4141
4141 4141 4141 4141 4141 4141 4141 4141
4141 4141 4141 4141 4141 4133 4e7a 582f
4e7a 6331 2f7a 6333 4e66 3833 4e7a 582f
4e7a 6331 2f7a 6333 4e66 3833 4e7a 582f
4e7a 6331 2f7a 6333 4e66 3833 4e7a 582f
4e7a 6331 2f7a 6333 4e66 3833 4e7a 582f
4e7a 6331 2f7a 6333 4e66 3833 4e7a 582f
3976 6232 2f2f 6232 3976 2f32 3976 622f
3976 6232 2f2f 6232 3976 2f32 3976 622f
3966 5831 2f2f 6232 3976 2f32 3976 622f
3976 6232 2f2f 6232 3976 2f32 3976 622f
3976 6232 2f2f 5831 3966 3841 4141 4141
4141 4141 4141 4141 4141 4141 4141 4141
4141 4141 4141 4141 4141 4141 4141 4141
4141 4141 4141 4141 4141 4141 4141 4141
4141 4141 4141 4141 4141 4141 4141 4141
4141 4141 4141 4141 4141 4141 4141 4141
4141 4141 4141 4141 4141 4141 4141 4141
4141 4141 4141 4141 4141 4141 4141 4141
4141 4141 4141 4141 4141 4141 4141 4141
4141 4141 4141 4141 4141 4141 4141 4141
4141 4141 4141 4141 4141 4141 4141 4141
4141 4141 4141 4141 4141 4141 4141 4141
4e7a 6331 2f7a 6333 4e66 3833 4e7a 582f
4e7a 6331 2f7a 6333 4e66 3833 4e7a 582f
4e7a 6331 2f7a 6333 4e66 3833 4e7a 582f
4e7a 6331 2f7a 6333 4e66 3833 4e7a 582f
4e7a 6331 2f7a 6333 4e66 3833 4e7a 582f
4e7a 6331 2f2b 2f76 372f 2f76 372b 2f2f
372b 2f76 2f2b 2f76 372f 2f76 372b 2f2f
372b 2f76 2f2b 2f76 372f 2f76 372b 2f2f
372b 2f76 2f2b 2f76 372f 2f76 372b 2f2f
372b 2f76 2f2b 2f76 372f 2f76 372b 2f2f
4141 4141 4141 4141 4141 4141 4141 4141
4141 4141 4141 4141 4141 4141 4141 4141
4141 4141 4141 4141 4141 4141 4141 4141
4141 4141 4141 4141 4141 4141 4141 4141
4141 4141 4141 4141 4141 4141 4141 4141
4141 4141 4141 4141 4141 4141 4141 4141
4141 4141 4141 4141 4141 4141 4141 4141
4141 4141 4141 4141 4141 4141 4141 4141
4141 4141 4141 4141 4141 4141 4141 4141
4141 4141 4141 4141 4141 4141 4141 4141
4141 4141 4141 4141 4141 4141 4141 4141
4141 4141 4147 704d 4e66 3971 5444 582f
616b 7731 2f32 704d 4e66 3971 5444 582f
616b 7731 2f32 704d 4e66 3971 5444 582f
616b 7731 2f32 704d 4e66 3971 5444 582f
616b 7731 2f32 704d 4e66 3971 5444 582f
616b 7731 2f32 704d 4e66 2f39 3775 622f
2f65 376d 2f2f 3375 3576 2f39 3775 622f
2f65 376d 2f2f 3375 3576 2f39 3775 622f
2f65 376d 2f2f 3375 3576 2f39 3775 622f
2f65 376d 2f2f 3375 3576 2f39 3775 622f
2f65 376d 2f77 4141 4141 4141 4141 4141
4141 4141 4141 4141 4141 4141 4141 4141
4141 4141 4141 4141 4141 4141 4141 4141
4141 4141 4141 4141 4141 4141 4141 4141
4141 4141 4141 4141 4141 4141 4141 4141
4141 4141 4141 4141 4141 4141 4141 4141
4141 4141 4141 3d3d 